1 54 390,320,50,52
1 85 474,141,309,298
2 54 390,320,50,52
2 85 475,141,309,298
3 54 390,320,50,52
3 85 476,140,309,298
4 54 390,320,50,52
4 85 477,140,309,298
5 54 390,320,50,52
5 85 478,140,309,298
6 54 390,320,50,52
6 85 479,140,309,298
7 54 390,320,50,52
7 85 479,140,309,298
8 54 390,320,50,52
8 85 479,140,309,298
9 54 390,320,50,52
9 85 479,140,309,298
10 54 390,320,50,52
10 85 479,140,309,298
11 54 390,320,50,52
11 85 479,140,309,298
12 54 390,320,50,52
12 85 479,140,309,298
13 54 390,320,50,52
13 85 479,140,309,298
14 54 390,320,50,52
14 85 479,140,309,298
15 54 390,320,50,52
15 85 479,140,309,298
16 54 390,320,50,52
16 85 479,140,309,298
17 54 390,320,50,52
17 85 479,140,309,298
18 54 390,320,50,52
18 85 479,140,309,298
19 54 390,320,50,52
19 85 479,140,309,298
20 54 390,320,50,52
20 85 479,140,309,298
21 54 390,320,50,52
21 85 479,140,309,298
22 54 390,320,50,52
22 85 479,140,309,298
23 54 390,320,50,52
23 85 479,140,309,298
24 54 390,320,50,52
24 85 479,140,309,298
25 54 390,320,50,52
25 85 479,140,309,298
26 54 390,320,50,52
26 85 479,140,309,298
27 54 390,320,50,52
27 85 479,140,309,298
28 54 390,320,50,52
28 85 479,140,309,298
29 54 390,320,50,52
29 85 479,140,309,298
30 54 390,320,50,52
30 85 479,140,309,298
31 54 390,320,50,52
31 85 479,140,309,298
32 54 390,320,50,52
32 85 479,140,309,298
33 54 390,320,50,52
33 85 479,140,309,298
34 54 390,320,50,52
34 85 479,140,309,298
35 54 390,320,50,52
35 85 479,140,309,298
36 54 390,320,50,52
36 85 479,140,309,298
37 54 390,320,50,52
37 85 479,140,309,298
38 54 390,320,50,52
38 85 479,140,309,298
39 54 390,320,50,52
39 85 479,140,309,298
40 54 390,320,50,52
40 85 479,140,309,298
41 54 390,320,50,52
41 85 479,140,309,298
42 54 390,320,50,52
42 85 479,140,309,298
43 54 390,320,50,52
43 85 479,140,309,298
44 54 390,320,50,52
44 85 479,140,309,298
45 54 390,320,50,52
45 85 479,140,309,298
46 54 390,320,50,52
46 85 479,140,309,298
47 54 390,320,50,52
47 85 479,140,309,298
48 54 390,320,50,52
48 85 479,140,309,298
49 54 390,320,50,52
49 85 479,140,309,298
50 54 390,320,50,52
50 85 479,140,309,298
51 54 390,320,50,52
51 85 479,140,309,298
52 54 390,320,50,52
52 85 479,140,309,298
53 54 390,320,50,52
53 85 479,140,309,298
54 54 390,320,50,52
54 85 479,140,309,298
55 54 390,320,50,52
55 85 479,140,309,298
56 54 390,320,50,52
56 85 479,140,309,298
57 54 390,320,50,52
57 85 479,140,309,298
58 54 390,320,50,52
58 85 479,140,309,298
59 54 390,320,50,52
59 85 479,140,309,298
60 54 390,320,50,52
60 85 479,140,309,298
61 54 390,320,50,52
61 85 479,140,309,298
62 54 390,320,50,52
62 85 479,140,309,298
63 54 390,320,50,52
63 85 479,140,309,298
64 54 390,320,50,52
64 85 479,140,309,298
65 54 390,320,50,52
65 85 479,140,309,298
66 54 390,320,50,52
66 85 479,140,309,298
67 54 390,320,50,52
67 85 479,140,309,298
68 54 390,320,50,52
68 85 479,140,309,298
69 54 390,320,50,52
69 85 479,140,309,298
70 54 390,320,50,52
70 85 479,140,309,298
71 54 390,320,50,52
71 85 479,140,309,298
72 54 390,320,50,52
72 85 479,140,309,298
73 54 390,320,50,52
73 85 479,140,309,298
74 54 390,320,50,52
74 85 479,140,309,298
75 54 390,320,50,52
75 85 479,140,309,298
76 54 390,320,50,52
76 85 479,140,309,298
77 54 390,320,50,52
77 85 479,140,309,298
78 54 390,320,50,52
78 85 479,140,309,298
79 54 390,320,50,52
79 85 479,140,309,298
80 54 390,320,50,52
80 85 479,140,309,298
81 54 390,320,50,52
81 85 479,140,309,298
82 54 390,320,50,52
82 85 479,140,309,298
83 54 390,320,50,52
83 85 479,140,309,298
84 54 390,320,50,52
84 85 479,140,309,298
85 54 390,320,50,52
85 85 479,140,309,298
86 54 390,320,50,52
86 85 479,140,309,298
87 54 390,320,50,52
87 85 479,140,309,298
88 54 390,320,50,52
88 85 479,140,309,298
89 54 390,320,50,52
89 85 479,140,309,298
90 54 390,320,50,52
90 85 479,140,309,298
91 54 390,320,50,52
91 85 479,140,309,298
92 54 390,320,50,52
92 85 479,140,309,298
93 54 390,320,50,52
93 85 479,140,309,298
94 54 390,320,50,52
94 85 479,140,309,298
95 54 390,320,50,52
95 85 479,140,309,298
96 54 390,320,50,52
96 85 479,140,309,298
97 54 390,320,50,52
97 85 479,140,309,298
98 54 390,320,50,52
98 85 479,140,309,298
99 54 390,320,50,52
99 85 479,140,309,298
100 54 390,320,50,52
100 85 479,140,309,298
101 54 390,320,50,52
101 85 479,140,309,298
102 54 390,320,50,52
102 85 479,140,309,298
103 54 390,320,50,52
103 85 479,140,309,298
104 54 390,320,50,52
104 85 479,140,309,298
105 54 390,320,50,52
105 85 479,140,309,298
106 54 390,320,50,52
106 85 479,140,309,298
107 54 390,320,50,52
107 85 479,140,309,298
108 54 390,320,50,52
108 85 479,140,309,298
109 54 390,320,50,52
109 85 479,140,309,298
110 54 390,320,50,52
110 85 479,140,309,298
111 54 390,320,50,52
111 85 479,140,309,298
112 54 390,320,50,52
112 85 479,140,309,298
113 54 390,320,50,52
113 85 479,140,309,298
114 54 390,320,50,52
114 85 479,140,309,298
115 54 388,319,50,52
115 85 478,137,309,298
116 54 388,319,50,52
116 85 478,137,309,298
117 54 388,319,50,52
117 85 478,137,309,298
118 54 388,319,50,52
118 85 478,137,309,298
119 54 388,319,50,52
119 85 478,137,309,298
120 54 388,319,50,52
120 85 478,137,309,298
121 54 388,319,50,52
121 85 478,137,309,298
122 54 388,319,50,52
122 85 478,137,309,298
123 54 388,319,50,52
123 85 478,137,309,298
124 54 388,319,50,52
124 85 478,137,309,298
125 54 388,319,50,52
125 85 478,137,309,298
126 54 388,319,50,52
126 85 478,137,309,298
127 54 388,319,50,52
127 85 478,137,309,298
128 54 388,319,50,52
128 85 478,137,309,298
129 54 388,319,50,52
129 85 478,137,309,298
130 54 388,319,50,52
130 85 478,137,309,298
131 54 388,319,50,52
131 85 478,137,309,298
132 54 388,319,50,52
132 85 478,137,309,298
133 54 388,319,50,52
133 85 478,137,309,298
134 54 388,319,50,52
134 85 478,137,309,298
135 54 388,319,50,52
135 85 478,137,309,298
136 54 388,319,50,52
136 85 478,137,309,298
137 54 388,319,50,52
137 85 478,137,309,298
138 54 388,319,50,52
138 85 478,137,309,298
139 54 388,319,50,52
139 85 478,137,309,298
140 54 388,319,50,52
140 85 478,137,309,298
141 54 388,319,50,52
141 85 478,137,309,298
142 54 388,319,50,52
142 85 478,137,309,298
143 54 388,319,50,52
143 85 478,137,309,298
144 54 388,319,50,52
144 85 478,137,309,298
145 54 388,319,50,52
145 85 478,137,309,298
146 54 388,319,50,52
146 85 478,137,309,298
147 54 388,319,50,52
147 85 478,137,309,298
148 54 388,319,50,52
148 85 478,137,309,298
149 54 388,319,50,52
149 85 478,137,309,298
150 54 388,319,50,52
150 85 478,137,309,298

Total Annotated: 150 (1, 149)
